/*

FIR filter designed with
http://t-filter.appspot.com

sampling frequency: 256000000 Hz

* 0 Hz - 1000000 Hz
  gain = 1
  desired ripple = 5 dB
  actual ripple = 4.123646385557338 dB

* 2600000 Hz - 128000000 Hz
  gain = 0
  desired attenuation = -50 dB
  actual attenuation = -50.10543585326781 dB

*/

#define FILTER_TAP_NUM 256

static double filter_taps[FILTER_TAP_NUM] = {
  -0.0016086540096456557,
  -0.00008918294768975198,
  -0.00009033753566804478,
  -0.00009053142636207067,
  -0.00008979163776966722,
  -0.00008800526118588391,
  -0.00008511449871913142,
  -0.00008105902256475345,
  -0.00007578605434406486,
  -0.00006922611739312004,
  -0.00006131931386351943,
  -0.000052009088072644965,
  -0.00004123935464121831,
  -0.00002893991042339044,
  -0.000015023290333140892,
  6.032551889517488e-7,
  0.0000180234720517539,
  0.000037285585237402986,
  0.00005842296329783078,
  0.0000814722923505487,
  0.00010654922584712187,
  0.00013379875668699146,
  0.00016339413176319628,
  0.00019489805110556581,
  0.00022900571205171352,
  0.00026530451463610793,
  0.0003041657402205209,
  0.00034547597862228535,
  0.0003893446003548371,
  0.00043585463304661356,
  0.00048507092620594244,
  0.0005370146877776029,
  0.0005917221659804399,
  0.0006492455195099039,
  0.0007096532395775265,
  0.0007730026441946849,
  0.000839331485079374,
  0.0009086607814663336,
  0.0009810082820055598,
  0.00105640954465322,
  0.001134910019176745,
  0.0012165572570830647,
  0.0013013578689521162,
  0.0013893136028956168,
  0.0014804216472759533,
  0.00157479046677009,
  0.0016721739445335977,
  0.0017731288135341057,
  0.0018766332220053832,
  0.001983715680350809,
  0.002093970581732332,
  0.0022072533339901647,
  0.0023235041270502675,
  0.0024427485871304348,
  0.002564989153878413,
  0.002690195099920028,
  0.0028182926997168795,
  0.0029492029267861428,
  0.0030828543040428177,
  0.0032191932719485565,
  0.003358178553569002,
  0.0034997703619073536,
  0.0036439270153338765,
  0.003790593163648949,
  0.003939701895004451,
  0.004091126192033099,
  0.004244657070578875,
  0.004399922422001285,
  0.004556404286160778,
  0.0047128311455900814,
  0.004876470452250129,
  0.0050375334195232,
  0.0052009075480782575,
  0.00536549092860031,
  0.005531215865980602,
  0.005697918662750708,
  0.005865451072719917,
  0.006033660839398745,
  0.006202408704982681,
  0.006371531149360772,
  0.006540855192616509,
  0.006710206106090567,
  0.006879424871603962,
  0.007048364634879094,
  0.0072168752027290985,
  0.0073847891745667344,
  0.007551908104420588,
  0.007718032765692639,
  0.00788298128324749,
  0.008046633020231763,
  0.008208853060541942,
  0.008369472310313103,
  0.008528048475396332,
  0.008684850012639883,
  0.00883925742711769,
  0.008991483550086714,
  0.009141062964459245,
  0.00928795261200143,
  0.00943200961689816,
  0.009573059743473021,
  0.009710895101098821,
  0.009845349572988587,
  0.0099762826347049,
  0.010103569504047132,
  0.010227068931108627,
  0.010346624497921838,
  0.010462074475906101,
  0.010573268801995361,
  0.010680082437061148,
  0.010782401090648428,
  0.010880111820563258,
  0.010973075846481009,
  0.011061171268266275,
  0.011144287366172364,
  0.011222371039953959,
  0.011295144204057786,
  0.011363214203611983,
  0.011424625909371253,
  0.011481891299067976,
  0.011533516333786294,
  0.011579383293919337,
  0.011619510392340777,
  0.011653984531592458,
  0.011682828498905031,
  0.01170601754032616,
  0.011723484640089817,
  0.011735168530237452,
  0.011741021772262017,
  0.011741021772262017,
  0.011735168530237452,
  0.011723484640089817,
  0.01170601754032616,
  0.011682828498905031,
  0.011653984531592458,
  0.011619510392340777,
  0.011579383293919337,
  0.011533516333786294,
  0.011481891299067976,
  0.011424625909371253,
  0.011363214203611983,
  0.011295144204057786,
  0.011222371039953959,
  0.011144287366172364,
  0.011061171268266275,
  0.010973075846481009,
  0.010880111820563258,
  0.010782401090648428,
  0.010680082437061148,
  0.010573268801995361,
  0.010462074475906101,
  0.010346624497921838,
  0.010227068931108627,
  0.010103569504047132,
  0.0099762826347049,
  0.009845349572988587,
  0.009710895101098821,
  0.009573059743473021,
  0.009432009616898157,
  0.00928795261200143,
  0.009141062964459245,
  0.008991483550086714,
  0.00883925742711769,
  0.008684850012639883,
  0.008528048475396332,
  0.008369472310313103,
  0.008208853060541942,
  0.008046633020231763,
  0.00788298128324749,
  0.007718032765692639,
  0.007551908104420588,
  0.0073847891745667344,
  0.0072168752027290985,
  0.007048364634879094,
  0.006879424871603962,
  0.006710206106090567,
  0.0065408551926165095,
  0.006371531149360772,
  0.006202408704982681,
  0.006033660839398745,
  0.005865451072719917,
  0.005697918662750708,
  0.005531215865980602,
  0.00536549092860031,
  0.0052009075480782575,
  0.0050375334195232,
  0.004876470452250129,
  0.0047128311455900814,
  0.004556404286160778,
  0.004399922422001285,
  0.004244657070578875,
  0.0040911261920331,
  0.003939701895004451,
  0.003790593163648949,
  0.0036439270153338765,
  0.0034997703619073536,
  0.003358178553569002,
  0.0032191932719485565,
  0.0030828543040428173,
  0.0029492029267861428,
  0.0028182926997168795,
  0.002690195099920028,
  0.002564989153878413,
  0.0024427485871304348,
  0.0023235041270502675,
  0.0022072533339901647,
  0.002093970581732332,
  0.001983715680350809,
  0.0018766332220053832,
  0.0017731288135341057,
  0.0016721739445335977,
  0.00157479046677009,
  0.0014804216472759533,
  0.0013893136028956168,
  0.0013013578689521162,
  0.0012165572570830647,
  0.001134910019176745,
  0.00105640954465322,
  0.0009810082820055598,
  0.0009086607814663336,
  0.000839331485079374,
  0.0007730026441946849,
  0.0007096532395775265,
  0.0006492455195099039,
  0.0005917221659804399,
  0.0005370146877776029,
  0.00048507092620594244,
  0.00043585463304661443,
  0.0003893446003548371,
  0.0003454759786222863,
  0.0003041657402205209,
  0.00026530451463610793,
  0.00022900571205171352,
  0.00019489805110556584,
  0.00016339413176319628,
  0.00013379875668699146,
  0.00010654922584712187,
  0.0000814722923505487,
  0.00005842296329783078,
  0.00003728558523740299,
  0.00001802347205175474,
  6.032551889517488e-7,
  -0.000015023290333140889,
  -0.000028939910423391307,
  -0.00004123935464121831,
  -0.000052009088072644856,
  -0.00006131931386351943,
  -0.00006922611739312004,
  -0.00007578605434406486,
  -0.00008105902256475345,
  -0.00008511449871913142,
  -0.00008800526118588391,
  -0.00008979163776966723,
  -0.00009053142636207067,
  -0.00009033753566804478,
  -0.00008918294768975198,
  -0.0016086540096456557
};

